10.3622998
10.53050049
10.42219971
10.44339966
10.66040039
10.80380005
10.78719971
10.77030029
10.8877002
10.85349976
10.925
11.03599976
11.02329956
11.11420044
11.21880005
11.1552002
10.86349976
10.79800049
10.7601001
10.80910034
10.97949951
11.1125
11.21579956
11.31589966
11.16349976
11.24829956
11.4047998
11.44209961
11.44900024
11.50339966
11.53579956
11.46349976
11.46329956
11.30099976
11.38069946
11.46209961
11.37810059
11.32119995
12.50410034
12.39410034
12.25140015
12.16680054
12.0901001
11.9398999
11.52319946
11.69949951
11.7398999
12.04800049
11.8801001
11.74709961
11.9727002
11.64290039
11.6726001
11.77599976
11.98449951
11.82689941
11.9125
11.89530029
11.51290039
11.68890015
11.67839966
11.7102002
11.92849976
11.88099976
11.68390015
11.81410034
12.11380005
12.04930054
12.04410034
12.06
12.20170044
12.3425
12.39560059
12.31300049
12.29150024
12.32410034
12.38709961
12.29930054
12.34030029
12.1876001
12.4652002
12.41390015
12.25089966
12.19
12.05099976
11.76630005
11.87829956
12.09
12.07680054
11.89130005
12.02310059
12.08670044
12.15449951
12.17140015
12.4301001
12.43640015
12.53069946
12.4548999
12.46150024
12.42800049
12.59130005
12.6098999
12.65130005
12.9
12.62619995
12.61290039
12.60109985
12.7373999
12.91369995
12.92030029
12.91800049
13.08859985
13.11369995
12.99189941
12.98800049
12.98
13.11459961
13.34869995
13.20699951
13.15459961
13.03050049
13.01349976
12.95339966
13.06689941
13.13550049
13.1298999
13.04959961
12.89920044
12.95280029
13.20540039
13.28130005
13.40619995
13.43560059
13.44660034
13.4502002
13.5027002
13.47829956
13.61170044
13.55119995
13.52619995
13.56040039
13.49589966
13.48839966
13.43560059
13.60400024
13.51890015
13.36140015
13.3702002
13.67369995
13.60660034
13.94209961
13.93339966
14.04319946
14.19829956
14.2972998
14.3922998
14.30880005
14.39199951
14.51699951
14.80390015
14.84400024
14.85949951
14.86650024
14.66709961
14.33900024
14.52560059
14.58630005
14.55839966
14.3422998
14.85939941
14.47069946
14.4822998
14.7622998
14.7922998
15.08680054
15.08790039
15.1827002
15.14660034
15.2073999
15.19670044
15.26689941
15.18150024
14.85109985
14.21589966
13.88449951
13.93180054
13.18089966
13.39329956
13.89109985
13.41390015
13.8652002
13.19040039
12.98410034
12.15560059
12.80390015
12.15410034
11.14910034
12.1972998
10.84329956
11.19800049
10.96800049
11.15290039
10.72319946
10.56619995
11.34459961
11.0248999
11.6175
11.10709961
11.46819946
11.62810059
11.05619995
11.20839966
10.97880005
11.86920044
11.8651001
12.10280029
12.11449951
12.17560059
12.6922998
12.62469971
12.63469971
12.8325
12.66609985
12.16339966
12.63209961
12.76310059
12.79310059
12.75880005
12.33670044
13.4147998
13.48660034
13.20609985
13.26800049
13.51109985
13.47300049
13.72560059
13.88369995
14.0326001
13.7573999
13.49329956
13.56130005
13.73189941
13.83939941
13.73484985
14.06719971
14.02800049
14.10420044
14.1702002
14.17839966
14.1672998
14.28920044
14.32150024
