1.73300003
1.79639999
1.82539993
1.85220001
1.90149994
1.92580002
1.94809998
1.94190002
1.94149994
1.92740005
1.93889999
1.98449997
1.97869995
1.99460007
1.98779999
1.98580002
1.95570007
1.99800003
1.99740005
1.97919998
2.01550003
2.02729996
2.04410004
2.04229996
2.00020004
2.01240005
2.03229996
2.0175
2.03300003
2.05210007
2.045
2.03350006
2.05660004
2.02589996
2.07220001
2.08839996
2.08669998
2.07020004
2.07740005
2.09679993
2.08779999
2.13039993
2.08429993
2.04020004
1.93339996
1.97
1.99039993
2.03429993
2.00990005
2.00479996
2.08970001
2.0275
2.01740005
2.065
2.10350006
2.10360001
2.12639999
2.12460007
2.02639999
2.06490005
2.04160004
2.05529999
2.09009995
2.08740005
2.05699997
2.09190002
2.13279999
2.13259995
2.14169998
2.16699997
2.23589996
2.23089996
2.1875
2.19899994
2.20699997
2.22770004
2.20960007
2.17729996
2.18720001
2.17679993
2.21029999
2.19889999
2.18820007
2.23970001
2.24589996
2.18960007
2.20820007
2.27009995
2.27059998
2.24399994
2.27029999
2.30089996
2.36210007
2.35869995
2.35320007
2.34369995
2.35279999
2.36410004
2.40509995
2.39960007
2.43179993
2.43580002
2.46580002
2.49050003
2.43289993
2.43259995
2.48759995
2.55820007
2.575
2.57130005
2.5723999
2.59429993
2.60140015
2.62200012
2.61959991
2.64470001
2.62640015
2.6576001
2.67100006
2.66290009
2.63190002
2.6201001
2.61779999
2.66369995
2.64290009
2.67839996
2.6725
2.64160004
2.59450012
2.6173999
2.65579987
2.70709991
2.66920013
2.68480011
2.70769989
2.71459991
2.75149994
2.79859985
2.80410004
2.7973999
2.80019989
2.79440002
2.84
2.84269989
2.89910004
2.89799988
2.91519989
2.93649994
3.00350006
2.97429993
2.99799988
2.98390015
3.03190002
3.09630005
3.10329987
3.16959991
3.12679993
3.11339996
3.1523999
3.18730011
3.16570007
3.17700012
3.19230011
3.18309998
3.08950012
3.17690002
3.24339996
3.23869995
3.0951001
3.08660004
3.18850006
3.21450012
3.25209991
3.20029999
3.21549988
3.19609985
3.27200012
3.24869995
3.24950012
3.19
3.23619995
3.20299988
3.13049988
2.98179993
2.88079987
2.92649994
2.73519989
2.73359985
2.98809998
2.89320007
3.0273999
2.92920013
2.89029999
2.66170013
2.85339996
2.75429993
2.48229996
2.77970001
2.42210007
2.52860001
2.46669998
2.44779999
2.29240005
2.24369995
2.46880005
2.45520004
2.58440002
2.47740005
2.54809998
2.54289993
2.40910004
2.44929993
2.41410004
2.62470001
2.59429993
2.66070007
2.6798999
2.7325
2.87049988
2.84429993
2.86690002
2.82799988
2.76929993
2.68369995
2.76100006
2.75029999
2.82970001
2.83170013
2.78579987
2.87730011
2.93799988
2.89070007
2.93160004
2.97559998
3.00630005
3.0373999
3.10130005
3.1501001
3.11410004
3.07649994
3.09540009
3.07709991
3.14959991
3.13140015
3.19230011
3.16850006
3.18890015
3.16730011
3.18109985
3.1825
3.17940002
3.21899994
