1.19839996
1.23160004
1.25830002
1.2782
1.31399994
1.32600006
1.32100006
1.31490005
1.32320007
1.32449997
1.32850006
1.35160004
1.35690002
1.36949997
1.36970001
1.37779999
1.33429993
1.33929993
1.34149994
1.33960007
1.35679993
1.36580002
1.37460007
1.37059998
1.36960007
1.36460007
1.37850006
1.38399994
1.38899994
1.38899994
1.37080002
1.36270004
1.36419998
1.36619995
1.38429993
1.39289993
1.40720001
1.40190002
1.41339996
1.41029999
1.40350006
1.36270004
1.38059998
1.36899994
1.32210007
1.34690002
1.35279999
1.38889999
1.37710007
1.35789993
1.38600006
1.33979996
1.33679993
1.36130005
1.38410004
1.37259995
1.38789993
1.37779999
1.33389999
1.35449997
1.35740005
1.35559998
1.38119995
1.37860001
1.36039993
1.37630005
1.40050003
1.39100006
1.37520004
1.36080002
1.36119995
1.37520004
1.37320007
1.36330002
1.37389999
1.38520004
1.41070007
1.39440002
1.39139999
1.37380005
1.39360001
1.39539993
1.37729996
1.39029999
1.37070007
1.34649994
1.36279999
1.38119995
1.37119995
1.35669998
1.38240005
1.39100006
1.39679993
1.39550003
1.41570007
1.40410004
1.39690002
1.37410004
1.38429993
1.36369995
1.37240005
1.39940002
1.40729996
1.44190002
1.42830002
1.44610001
1.43369995
1.43720001
1.44550003
1.44460007
1.44059998
1.44259995
1.45960007
1.46110001
1.47070007
1.47309998
1.48059998
1.49970001
1.50339996
1.50389999
1.49619995
1.49479996
1.49589996
1.51229996
1.52029999
1.52320007
1.51380005
1.49550003
1.49309998
1.49850006
1.49929993
1.5175
1.51360001
1.51130005
1.51699997
1.53240005
1.54529999
1.55529999
1.54690002
1.54369995
1.55710007
1.57410004
1.57410004
1.57380005
1.58669998
1.58960007
1.57589996
1.57699997
1.60619995
1.58619995
1.59029999
1.57580002
1.60089996
1.62089996
1.61339996
1.63279999
1.62130005
1.63179993
1.66169998
1.67100006
1.665
1.65699997
1.66720001
1.65039993
1.62279999
1.65460007
1.68039993
1.72779999
1.70229996
1.74380005
1.80119995
1.79899994
1.83630005
1.83889999
1.88699997
1.84440002
1.84710007
1.83710007
1.85350006
1.87229996
1.87279999
1.84419998
1.78589996
1.70889999
1.68070007
1.70169998
1.58179993
1.62009995
1.72789993
1.64509995
1.70550003
1.66270004
1.61570007
1.50619995
1.60919998
1.53630005
1.39059998
1.58830002
1.35419998
1.46570007
1.40399994
1.42710007
1.37350006
1.35979996
1.48339996
1.46919998
1.56110001
1.49699997
1.60229996
1.57710007
1.52110001
1.55259995
1.53830002
1.65270004
1.63490005
1.65130005
1.65139999
1.65509995
1.73699997
1.71880005
1.77039993
1.78600006
1.75059998
1.67820007
1.73520004
1.71419998
1.74550003
1.74050003
1.69809998
1.77429993
1.79210007
1.74570007
1.78839996
1.80759995
1.82539993
1.83600006
1.84679993
1.86740005
1.82509995
1.7975
1.80529999
1.83160004
1.84910004
1.83630005
1.85660004
1.83429993
1.83509995
1.81570007
1.81809998
1.81399994
1.8325
1.82830002
